0 1
1 2
2 3
2 4
2 5
2 6
2 7
2 8
2 9
2 10
2 11
2 12
3 13
4 14
5 15
6 16
7 17
8 18
9 19
10 20
11 21
12 22
13 23
13 24
13 25
13 26
14 23
14 24
14 27
14 28
15 23
15 24
15 29
15 30
16 23
16 24
16 31
16 32
17 25
17 26
17 27
17 28
18 25
18 26
18 29
18 30
19 25
19 26
19 31
19 32
20 27
20 28
20 29
20 30
21 27
21 28
21 31
21 32
22 29
22 30
22 31
22 32
23 33
25 34
27 35
29 36
31 37
33 38
33 39
34 40
34 41
35 42
35 43
36 44
36 45
37 46
37 47
38 48
39 49
40 50
41 51
42 52
43 53
44 54
45 55
46 56
47 57
48 39
48 41
48 43
48 45
48 46
48 58
48 59
48 60
48 61
49 62
49 63
50 39
50 41
50 43
50 45
50 46
50 58
50 59
50 60
51 64
51 65
52 39
52 41
52 43
52 45
52 46
52 58
52 59
53 66
53 67
54 39
54 41
54 43
54 45
54 46
54 58
55 68
55 69
56 70
56 71
57 39
57 41
57 43
57 45
58 32
59 30
60 28
61 26
63 72
63 73
65 74
65 75
67 76
67 77
68 78
69 79
69 80
70 81
71 82
71 83
72 84
74 85
76 86
79 87
81 88
82 89
84 81
84 90
85 91
85 92
86 93
86 94
87 95
87 96
89 78
89 97
90 98
91 62
92 99
93 64
94 100
95 66
96 101
97 102
